0.116963,3.31
0.217798,3.31
0.318798,3.31
0.4197,3.31
0.520515,3.31
0.621366,3.31
0.722331,3.31
0.823217,3.31
0.924163,3.31
1.024945,3.31
1.125665,3.31
1.22637,3.31
1.327085,3.31
1.427799,3.31
1.528624,3.31
1.629343,3.31
1.730098,3.31
1.830858,3.31
1.931639,3.31
2.032724,3.31
2.133686,3.102313725490196
2.234846,2.8816470588235297
2.335567,2.699921568627451
2.436318,2.5701176470588236
2.537289,2.440313725490196
2.63823,2.3234901960784313
2.739038,2.2585882352941176
2.840026,2.2326274509803925
2.941396,2.1158039215686273
3.04232,1.9730196078431372
3.143507,1.8172549019607844
3.244444,1.6614901960784314
3.345118,1.6614901960784314
3.445783,1.6614901960784314
3.546458,1.635529411764706
3.647141,1.220156862745098
3.747865,0.9865098039215686
3.84896,0.662
3.949895,0.4672941176470588
4.050823,0.35047058823529414
4.151815,0.19470588235294117
4.252803,0.0
4.353807,0.0
4.454885,0.0
4.55582,0.0
4.656801,0.0
4.757882,0.0
4.85895,0.0
4.959634,0.0
5.060295,0.0
5.161013,0.0
5.26172,0.0
5.362436,0.0
5.463167,0.0
5.564198,0.0
5.665401,0.0
5.766515,0.0
5.86769,0.0
5.968463,0.0
6.069176,0.0
6.169927,0.0
6.270666,0.0
6.371647,0.0
6.47266,0.0
